Cu DZVP-MOLOPT-PBE-GTH-Q19
 1
 2 0 3 7 3 2 2 1 
        18.38615293728909     1.82880122602196E-01     1.22328435345892E-01    -1.20364967308930E-01     1.43723029832116E-02     3.61243007731532E-02    -1.10184307349210E-01    -5.80907779215615E-02     7.21164585253247E-02
        12.84307299028743     3.83362010671247E-01    -2.80219357235929E-01    -8.17996639415828E-02    -1.21744430270251E-01    -1.13170583155215E-01     1.79556351256436E-01     2.04306587896184E-01    -1.21884982001454E-01
         5.13713194119174     7.12734426727446E-01    -1.91247560191836E-02    -2.78822068687018E-01     3.85913954749565E-01     2.09424982195322E-01     6.34609953118700E-01     5.68502344177028E-01     1.50461981054935E-01
         2.11212930981395    -7.60025632558922E-02     7.56441333058450E-01    -5.05750684568433E-01     8.12878305260365E-01     1.13965658198507E-01    -3.19748584782774E-01     5.10014857583008E-01     9.29203429409243E-02
         0.76705094441457    -2.50482580939434E-01     1.43199168858885E-01    -2.38958594773712E-01     3.06122801527271E-01     2.53933475041336E-01    -6.13448421711416E-01     5.14834994101087E-01     8.01454546289459E-01
         0.22847663307483     4.92845460641849E-01     3.78323173088248E-01     2.92587672651784E-01    -2.40511645114622E-01     7.92748764516974E-01     2.48441026969091E-01     3.23045955733229E-01    -4.85769093067905E-01
         0.06689670916392     1.35464178948062E-02     4.12685344816890E-01     7.08933588209363E-01    -1.53993473631423E-01     4.85909092522534E-01    -1.12285685142233E-01     4.64806272099739E-02     2.65272064396118E-01

########################################################################################################
S DZVP-MOLOPT-PBE-GTH-Q6
 1
 2 0 2 4 2 2 1
 1.90928473004308  3.13525266390759E-01 -1.51675736920755E-01  2.14054427784196E-01  1.45259453005035E-01  7.24574522157166E-02
 1.19506924590343 -7.14378794138229E-02 -1.22108655812001E-01 -3.46925058611244E-01 -1.90735670677686E-01  3.77729399511775E-01
 0.37255650459583 -7.35868321394835E-01  5.84868049787620E-01 -8.25555992336665E-01 -3.16083367485666E-01  9.06091042409042E-01
 0.11964558871342 -5.95899614269892E-01 -7.87409240067043E-01 -3.90231994037637E-01  9.17938396649107E-01  1.76265258145152E-01
CL DZVP-MOLOPT-PBE-GTH-Q7
 1
 2 0 2 4 2 2 1
 1.99824811943664  4.80178625121655E-01  2.13595239647007E-01  3.37297835177395E-01  1.93550474567217E-01  9.49286028054555E-02
 1.50363082119869 -3.59931830134513E-01  5.82028670667737E-02 -4.88390621275333E-01 -2.19767298436887E-01  2.80669438798039E-01
 0.40650884550636 -5.66727788276184E-01 -6.12160145305852E-01 -6.58014497305072E-01 -3.61134655335744E-01  9.44637929647980E-01
 0.12853799110242 -5.64532709085914E-01  7.59110964460706E-01 -4.63380721190784E-01  8.85337398423952E-01  1.40969529915426E-01

##################################################################################
H DZVP-MOLOPT-PBE-GTH-Q1
 1
 2 0 1 5 2 1
         9.42354063693337     1.73378201014863E-02    -1.21445159969598E-01    -8.76671027046430E-02
         2.22615949373757     1.93709872716504E-01    -1.18321991639862E-01     2.94039390163616E-01
         0.63906011750762     5.93969954529689E-01    -1.91879319676876E-01     4.09265411017209E-01
         0.31891311049636     2.87972643705189E-01     9.48793006176853E-01     1.56988630151590E-01
         0.16139156624546     7.25566905805197E-01    -1.85000371687637E-01     8.44814600657224E-01

F DZVP-MOLOPT-PBE-GTH-Q7
 1
 2 0 2 5 2 2 1
        13.30428004732790     1.38300641201995E-01    -4.13429187269840E-02    -9.35306094799813E-02     5.06566246623838E-02    -3.27607844899301E-02
         4.80605774544240     1.37253664661734E-01    -3.39425431978004E-02    -2.95918398172795E-01     1.05639317967558E-01     1.33212173705781E-01
         1.70698523266130    -5.18315587577063E-01     1.04830293747595E-01    -5.65287543674134E-01     3.02725510725546E-01     2.66499630071583E-01
         0.58735472443375    -8.26234910698634E-01     4.59821538585407E-02    -6.52514099592094E-01     2.40459771924833E-01     9.50816701157307E-01
         0.17874874061685    -1.03533512436824E-01    -9.91985341560913E-01    -3.97944304537121E-01    -9.14773526135829E-01     7.81459899689756E-02
C DZVP-MOLOPT-PBE-GTH-Q4
 1
 2 0 2 5 2 2 1
         5.26168129831067    -1.61180329987319E-01     9.95867208365846E-02    -9.87196463656005E-02     8.04180361628404E-02    -7.94810431764520E-02
         1.93765185829818    -1.80818549742989E-01     2.07627108755464E-01    -2.33418997562279E-01     3.08840032955768E-01     2.69065919998737E-01
         0.75874037796781     4.91719768047513E-01    -4.16765369564797E-01    -5.45204647452669E-01     4.47360294645044E-01     5.09115674523642E-01
         0.29195902016920     8.01363369134776E-01     6.04318650540439E-02    -6.71299816524380E-01     5.57121483533110E-02     7.95876444290429E-01
         0.09607356854063     2.39486896539835E-01     8.77284494996048E-01    -4.33449480019086E-01    -8.33616036796648E-01     1.69316891799892E-01
N DZVP-MOLOPT-PBE-GTH-Q5
 1
 2 0 2 5 2 2 1
         7.77707451136406    -1.52257224569246E-01     4.66516548242393E-02    -9.68040525319594E-02     5.61493330808200E-02    -2.54676508761754E-02
         2.85082134435768    -1.76815074694881E-01     6.07226416504652E-02    -2.98524115153915E-01     1.49897239722539E-01     1.53138535493981E-01
         1.05583952627190     4.83403059075267E-01    -1.37599316374236E-01    -5.77349862585676E-01     3.27813494371399E-01     5.17006466525486E-01
         0.41439259860883     8.35986430105637E-01    -3.37132705790291E-02    -6.71789375342359E-01     1.13844102060437E-01     8.28419946371821E-01
         0.13462511143859     1.14027795221257E-01     9.86947935512992E-01    -3.41874976320856E-01    -9.24097345116957E-01     1.49414503077007E-01
O DZVP-MOLOPT-PBE-GTH-Q6
 1
 2 0 2 5 2 2 1
        10.34256722623639    -1.36612866576817E-01     5.36780510727693E-02    -9.23817206645146E-02     5.83443637080248E-02    -9.48473896502772E-02
         3.67715896642206    -1.53385468202307E-01     9.10278370989298E-02    -2.98264530995839E-01     1.75046650342809E-01     1.72754284852763E-01
         1.30046451996361     5.48080652961239E-01    -2.61157543615482E-01    -5.68590641449654E-01     3.64872626600995E-01     4.96868401181124E-01
         0.46645021946921     7.84467551986126E-01    -4.09115659592466E-02    -6.49258120291653E-01     1.42983044083434E-01     8.41501659783491E-01
         0.14793951916337     2.05007513424509E-01     9.58621708960114E-01    -3.97079920076698E-01    -9.01320376386329E-01    -7.84645029990108E-02


