Cu TZV2P-MOLOPT-PBE-GTH-q19 TZV2P-MOLOPT-GGA-GTH-q19
 1
 2 0 3 7 4 3 3 2
        17.89830784355653     2.96135846890545E-02     6.67551594819535E-02    -4.91851717916026E-02     2.37273554632032E-01     3.66613366359434E-03    -5.84099697343404E-04     6.66457253954613E-02     9.77265456648281E-02    -5.45422593502825E-03     1.11832433633757E-01     7.22494931197968E-02    -3.79270288067264E-01
        10.91321193713449     4.57735344190900E-01    -2.06146857366902E-01    -2.15980986546420E-01     6.86004628994726E-01    -1.03995857244553E-01    -1.16191079821708E-01    -1.08471336847506E-01    -1.03630358159349E-01     1.66835556984537E-01    -2.24156177847007E-01    -1.04402441751114E-01     5.09429581596148E-01
         5.05233598290649     1.84840559643889E-01     8.04227763405450E-02    -1.44541397332987E-01     3.28651592694973E-01     3.60045178586364E-01     3.53734646636473E-01     4.97917391910140E-02     2.81198301386015E-01     5.43889775405832E-01    -5.79017184546062E-02     8.11441564534907E-02    -2.57417313457728E-01
         1.95516078599541    -2.55071951061509E-01     7.87487326927750E-01    -4.78541566383727E-01     7.95931169008777E-02     6.39694611149844E-01     4.69102562122131E-01    -4.83019581166025E-02     1.98003663942823E-01     5.67409304654920E-01    -3.10027592413242E-01     1.21301510733740E-02     7.64709161772746E-02
         0.71002749593714    -6.52437004128209E-01    -6.01846563240123E-02     1.56069054693625E-01     5.66786169100987E-01     1.62432784077340E-01     2.88539275377897E-01    -2.19226038090822E-02    -1.79195828124060E-01     5.22886011561183E-01     9.29169369241440E-02     3.97855258494270E-01     6.15413375262372E-02
         0.22019815192732     5.14246650112423E-01     4.74591096005303E-01     2.31945502643859E-01     2.20771676883173E-02    -4.42365813655206E-01     5.10902457434696E-01     7.20588661135340E-01    -4.40418792485132E-01     2.82108342489109E-01     7.62955959317992E-01     7.42359529834375E-01     4.78795657738033E-01
         0.06640574318734    -1.58112638606191E-02     3.12384710877151E-01     7.89229066872621E-01     1.92400656999498E-01    -4.77763301801787E-01     5.45011599260434E-01    -6.77680898952355E-01    -7.97090006154822E-01     3.70384065101099E-02    -4.97033645377074E-01     5.17457387580146E-01    -5.39899488425437E-01

Cu TZVP-MOLOPT-PBE-GTH-q19 TZVP-MOLOPT-GGA-GTH-q19
 1
 2 0 3 7 4 3 3 1
        17.89830784355653     2.96135846890545E-02     6.67551594819535E-02    -4.91851717916026E-02     2.37273554632032E-01     3.66613366359434E-03    -5.84099697343404E-04     6.66457253954613E-02     9.77265456648281E-02    -5.45422593502825E-03     1.11832433633757E-01     7.22494931197968E-02
        10.91321193713449     4.57735344190900E-01    -2.06146857366902E-01    -2.15980986546420E-01     6.86004628994726E-01    -1.03995857244553E-01    -1.16191079821708E-01    -1.08471336847506E-01    -1.03630358159349E-01     1.66835556984537E-01    -2.24156177847007E-01    -1.04402441751114E-01
         5.05233598290649     1.84840559643889E-01     8.04227763405450E-02    -1.44541397332987E-01     3.28651592694973E-01     3.60045178586364E-01     3.53734646636473E-01     4.97917391910140E-02     2.81198301386015E-01     5.43889775405832E-01    -5.79017184546062E-02     8.11441564534907E-02
         1.95516078599541    -2.55071951061509E-01     7.87487326927750E-01    -4.78541566383727E-01     7.95931169008777E-02     6.39694611149844E-01     4.69102562122131E-01    -4.83019581166025E-02     1.98003663942823E-01     5.67409304654920E-01    -3.10027592413242E-01     1.21301510733740E-02
         0.71002749593714    -6.52437004128209E-01    -6.01846563240123E-02     1.56069054693625E-01     5.66786169100987E-01     1.62432784077340E-01     2.88539275377897E-01    -2.19226038090822E-02    -1.79195828124060E-01     5.22886011561183E-01     9.29169369241440E-02     3.97855258494270E-01
         0.22019815192732     5.14246650112423E-01     4.74591096005303E-01     2.31945502643859E-01     2.20771676883173E-02    -4.42365813655206E-01     5.10902457434696E-01     7.20588661135340E-01    -4.40418792485132E-01     2.82108342489109E-01     7.62955959317992E-01     7.42359529834375E-01
         0.06640574318734    -1.58112638606191E-02     3.12384710877151E-01     7.89229066872621E-01     1.92400656999498E-01    -4.77763301801787E-01     5.45011599260434E-01    -6.77680898952355E-01    -7.97090006154822E-01     3.70384065101099E-02    -4.97033645377074E-01     5.17457387580146E-01

Cu DZVP-MOLOPT-PBE-GTH-q19 DZVP-MOLOPT-GGA-GTH-q19
 1
 2 0 3 7 3 2 2 1
        17.89830784355653     2.96135846890545E-02     6.67551594819535E-02    -4.91851717916026E-02     3.66613366359434E-03    -5.84099697343404E-04     9.77265456648281E-02    -5.45422593502825E-03     7.22494931197968E-02
        10.91321193713449     4.57735344190900E-01    -2.06146857366902E-01    -2.15980986546420E-01    -1.03995857244553E-01    -1.16191079821708E-01    -1.03630358159349E-01     1.66835556984537E-01    -1.04402441751114E-01
         5.05233598290649     1.84840559643889E-01     8.04227763405450E-02    -1.44541397332987E-01     3.60045178586364E-01     3.53734646636473E-01     2.81198301386015E-01     5.43889775405832E-01     8.11441564534907E-02
         1.95516078599541    -2.55071951061509E-01     7.87487326927750E-01    -4.78541566383727E-01     6.39694611149844E-01     4.69102562122131E-01     1.98003663942823E-01     5.67409304654920E-01     1.21301510733740E-02
         0.71002749593714    -6.52437004128209E-01    -6.01846563240123E-02     1.56069054693625E-01     1.62432784077340E-01     2.88539275377897E-01    -1.79195828124060E-01     5.22886011561183E-01     3.97855258494270E-01
         0.22019815192732     5.14246650112423E-01     4.74591096005303E-01     2.31945502643859E-01    -4.42365813655206E-01     5.10902457434696E-01    -4.40418792485132E-01     2.82108342489109E-01     7.42359529834375E-01
         0.06640574318734    -1.58112638606191E-02     3.12384710877151E-01     7.89229066872621E-01    -4.77763301801787E-01     5.45011599260434E-01    -7.97090006154822E-01     3.70384065101099E-02     5.17457387580146E-01
