#
# Generated with CP2K Atom Code
#
 Ag ccGRB-VAL-0
   1
  0  0  0  6  1
   5.11966183329        0.0006785986
   1.65017810231       -0.0082011232
  0.531888210199        0.2416510603
  0.171439111786       -0.4923105962
  0.552585458495E-01   -0.7060961286
  0.178110284030E-01    0.0094914548

 Ag ccGRB-VAL-1
   1
  0  0  0  6  2
   5.11966183329        0.0006785986   -0.1044331831
   1.65017810231       -0.0082011232    0.5322495026
  0.531888210199        0.2416510603   -2.1827004751
  0.171439111786       -0.4923105962    3.0767822449
  0.552585458495E-01   -0.7060961286   -1.7102198214
  0.178110284030E-01    0.0094914548   -0.0448067365

 Ag ccGRB-POL-1
   1
  1  1  1  1  1
  0.643097516942E-01    1.0000000000

 Ag ccGRB-EXT
   1
  0  0  0  1  1
  0.325929231307E-02    1.0000000000

