H DZVP-MOLOPT-PBE-GTH-q1 DZVP-MOLOPT-GGA-GTH-q1
 1
 2 0 1 5 2 1
         9.58664174435792     2.81884542432937E-02    -1.19160988255386E-02    -1.04299547500478E-01
         2.20235986412966     1.37112096750279E-01    -4.85015418756945E-02     3.33755971436669E-01
         0.60409425990597     4.21114159535371E-01    -1.07830568846420E-01     5.00163684961049E-01
         0.14649778504517     8.25868105506075E-01    -3.30879704788542E-01     7.75957173703246E-01
         0.13952579682924     3.47865521313538E-01     9.36160668051038E-01    -1.59547199117427E-01

B DZVP-MOLOPT-PBE-GTH-q3 DZVP-MOLOPT-GGA-GTH-q3
 1
 2 0 2 5 2 2 1
         3.57523327572698    -1.68920886782980E-01     2.11171336429927E-01    -8.53042325974634E-02     1.08293970887742E-01    -1.29959017744676E-02
         1.34769898315049    -2.76828770226591E-01     1.56828739646374E-01    -1.76539118064018E-01     2.35069301039393E-01     3.01188456690284E-01
         0.61455302434007     4.35339134125271E-01    -3.67291895914691E-01    -3.99702258996559E-01     4.55860014199156E-01     2.80737748024918E-01
         0.25352274278237     7.42130620863902E-01    -1.44347353332841E-01    -6.59199688218460E-01     3.57274391920238E-01     9.01059810570371E-01
         0.08513736405744     3.93132987497238E-01     8.80381688742175E-01    -6.06012378503829E-01    -7.73021019061309E-01     1.35625051898154E-01

C DZVP-MOLOPT-PBE-GTH-q4 DZVP-MOLOPT-GGA-GTH-q4
 1
 2 0 2 5 2 2 1
         5.59901014838892    -1.83155884314756E-01     2.71865072691389E-01    -1.00123645515581E-01     6.82447687229518E-02    -1.73822854585936E-01
         2.00851706576486    -2.26760185784623E-01     1.69561479342994E-01    -2.97554402435039E-01     2.24325818590448E-01     3.77132855011109E-01
         0.75555690239755     5.42190226432892E-01    -1.27427898475984E-01    -6.37108775555108E-01     2.50865801382500E-01     3.86633624918940E-01
         0.29215774678590     7.67230367968930E-01    -1.51970274923640E-02    -6.51044286483991E-01     2.75189905555843E-02     8.21960762038376E-01
         0.10532796426014     1.80058493303461E-01     9.38546465561994E-01    -2.67713239021569E-01    -9.38791581508481E-01    -4.95113183635646E-02

N DZVP-MOLOPT-PBE-GTH-q5 DZVP-MOLOPT-GGA-GTH-q5
 1
 2 0 2 5 2 2 1
         7.67729137915484    -1.57743090618499E-01     4.64767274259296E-02    -1.02158523708243E-01     4.82409952132264E-02     6.30369713987474E-02
         2.81966237794259    -1.74044102679302E-01     4.24004069220353E-02    -2.98226721897575E-01     1.34580220978959E-01     1.14821628218594E-01
         1.09114390677598     4.41288051809814E-01    -9.13540901978963E-02    -5.60270180894578E-01     2.83662239065009E-01     4.43570475758278E-01
         0.43100900982055     8.58813021027908E-01    -6.51904223705357E-02    -6.89335539768301E-01     1.57118280926414E-01     8.82189870978279E-01
         0.13893847703177     1.11941135993420E-01     9.91688841490055E-01    -3.33973496542287E-01    -9.35099219564131E-01     8.84793677023504E-02

O DZVP-MOLOPT-PBE-GTH-q6 DZVP-MOLOPT-GGA-GTH-q6
 1
 2 0 2 5 2 2 1
        10.27704242406505    -1.49868256024880E-01     4.87596886258794E-02    -9.24779725877624E-02     6.96521980106397E-02    -6.77536972887194E-02
         3.56405253880618    -1.50283608564945E-01     3.88821197655349E-02    -2.90527105694297E-01     2.15775427853434E-01     1.82303508690924E-01
         1.31363563226775     5.39068797289606E-01    -1.25699044360202E-01    -5.18398147191831E-01     3.67414070470753E-01     3.34682703085916E-01
         0.48890324671371     8.02346121882746E-01    -7.57512538516891E-02    -6.26250099252499E-01     2.67796450584559E-01     9.10370319696758E-01
         0.15533153369410     1.43526566604286E-01     9.87204219659982E-01    -4.96100795824058E-01    -8.61325430903662E-01    -1.46247176017229E-01

F DZVP-MOLOPT-PBE-GTH-q7 DZVP-MOLOPT-GGA-GTH-q7
 1
 2 0 2 5 2 2 1
        13.23012792425667     1.41095120428640E-01    -8.82775774552689E-03    -1.00288729731783E-01     4.19812353596362E-02     4.16711284715773E-02
         4.65895757436792     1.43335048965262E-01    -2.28265043911868E-02    -3.16315651405353E-01     1.15887868146056E-01     5.56811622137553E-02
         1.66107055397043    -5.45747867506237E-01    -2.21552190121803E-02    -5.80372817135959E-01     2.25423260614070E-01     3.10705925849884E-01
         0.58284503545941    -8.13241514395457E-01     3.21197447360922E-02    -6.55459714578306E-01     2.39845543847101E-01     9.38895400609295E-01
         0.18405940715123    -1.85670435323358E-02    -9.98938681631198E-01    -3.51321128114135E-01    -9.36197653578052E-01    -1.30768419669689E-01



