H DZVP-MOLOPT-PBE-GTH-Q1
 1
 2 0 1 5 2 1
         9.58576824761841     2.82429135927213E-02    -1.18845183956831E-02    -1.04344336727076E-01
         2.20251333071652     1.36805538227018E-01    -4.83107983725991E-02     3.43061287475044E-01
         0.60502717406846     4.21577125221170E-01    -1.07256006310812E-01     4.99954564170020E-01
         0.14681004942235     8.26531193034220E-01    -3.28923175846611E-01     7.71988755358271E-01
         0.13950349203484     3.45840276679701E-01     9.36926100866199E-01    -1.59687218633505E-01
B DZVP-MOLOPT-PBE-GTH-Q3
 1
 2 0 2 5 2 2 1
         3.57491581275574    -1.68612354885071E-01     2.14904542597593E-01    -8.46144621625404E-02     1.09018484694552E-01    -1.15858273339281E-02
         1.35136438655790    -2.75981341590176E-01     1.58019744157275E-01    -1.76626538205804E-01     2.36874669220056E-01     3.01337966684397E-01
         0.61519661398365     4.35783166826577E-01    -3.66479734133440E-01    -3.98719964075300E-01     4.60339495548059E-01     2.80954211302157E-01
         0.25387666388963     7.40706566416412E-01    -1.46692841168589E-01    -6.59013522790281E-01     3.54188658929993E-01     9.00697668416683E-01
         0.08687996833787     3.96044172855006E-01     8.79215339292235E-01    -6.06932472208987E-01    -7.71131184559880E-01     1.37366807125430E-01
C DZVP-MOLOPT-PBE-GTH-Q4
 1
 2 0 2 5 2 2 1
         5.59851834697811    -1.82934399228625E-01     2.71434859811755E-01    -9.97654494095875E-02     6.73134992050382E-02    -1.74422200550718E-01
         2.00715477362365    -2.27649573914029E-01     1.71186998259237E-01    -2.98797727661514E-01     2.23082450335240E-01     3.76997917891890E-01
         0.75527124515669     5.41870810106462E-01    -1.28108286249704E-01    -6.35921774694073E-01     2.48978366974111E-01     3.84738630791907E-01
         0.29255541434224     7.67160480172160E-01    -1.46558334436627E-02    -6.52888415637929E-01     2.62019393414105E-02     8.22659928990486E-01
         0.10536263793557     1.80420342235044E-01     9.38291853341060E-01    -2.64777238908777E-01    -9.39694814464171E-01    -5.15392381585374E-02
N DZVP-MOLOPT-PBE-GTH-Q5
 1
 2 0 2 5 2 2 1
         7.67558431072709    -1.57440530453782E-01     4.65277967342080E-02    -1.02298594423716E-01     4.84558150479649E-02     5.62278980287017E-02
         2.81796327459412    -1.74596808217099E-01     4.19402989200736E-02    -2.98340758769928E-01     1.35294823073355E-01     1.09162617756036E-01
         1.09068349109739     4.41551238745637E-01    -9.06562847426080E-02    -5.59038219289792E-01     2.83950007074355E-01     5.20697101687406E-01
         0.43355260197401     8.58785547058092E-01    -6.41503767182956E-02    -6.90853495864378E-01     1.55089596848904E-01     8.40708413003283E-01
         0.13885794834150     1.10672135866080E-01     9.91837861074643E-01    -3.32754422751647E-01    -9.35236309853988E-01     8.37008898863041E-02
O DZVP-MOLOPT-PBE-GTH-Q6
 1
 2 0 2 5 2 2 1
        10.27489023072596    -1.49876645948020E-01     4.88681869190112E-02    -9.19998810024796E-02     6.98238437553493E-02    -6.90807963538221E-02
         3.56410049731099    -1.50653538001466E-01     3.81718999570765E-02    -2.90426107005766E-01     2.06117781550162E-01     1.80339169548906E-01
         1.31331558455966     5.37134785968636E-01    -1.25728574091480E-01    -5.17532141752576E-01     3.69830583864137E-01     3.31276544544741E-01
         0.48829766288448     8.03767041919943E-01    -7.46612473268616E-02    -6.26871198568791E-01     2.71158536682736E-01     9.12500801582911E-01
         0.15558812218624     1.42426354698509E-01     9.87305844288099E-01    -4.96368493080416E-01    -8.61590667425580E-01    -1.42491282703802E-01
F DZVP-MOLOPT-PBE-GTH-Q7
 1
 2 0 2 5 2 2 1
        13.23007195354057     1.41241664852673E-01    -1.00353197236230E-02    -9.98282829430705E-02     4.09505942161202E-02     4.19682442574534E-02
         4.65996249272462     1.43550234173904E-01    -1.69375319558999E-02    -3.17042612626315E-01     1.15845464305426E-01     5.48116430127546E-02
         1.66071317488901    -5.46087425091032E-01    -2.65474457818010E-02    -5.80395148089236E-01     2.22951786471476E-01     3.11634084475434E-01
         0.58262131563443    -8.12973409276882E-01     3.46215672067849E-02    -6.55088946347773E-01     2.42417655467020E-01     9.38098880665678E-01
         0.18288201582282    -1.75180576672539E-02    -9.98853839445940E-01    -3.51451618506954E-01    -9.36177898938155E-01    -1.34495493423198E-01
