Cu TZV2P-MOLOPT-PBE0-GTH-q19 TZV2P-MOLOPT-HYB-GTH-q19
 1
 2 0 3 7 4 3 3 2
        17.45175432833101    -2.15669087097157E-02     7.69396025670226E-02    -1.74479497632857E-02     2.88186909177010E-01    -1.45941307368384E-03     7.18497320200210E-03     1.64805598540997E-02    -5.93943648395218E-03    -3.67689116546723E-02     3.56869368558091E-02     2.00807092450179E-03    -1.47476412425403E-01
        11.69372987310318     4.43475360588235E-01    -2.55001164186210E-01    -1.95813698656612E-01     7.33029858304591E-01    -5.00527869684187E-02    -1.32006729215607E-01    -4.85277136379023E-02     4.14230855974437E-02     2.01968159402235E-01    -1.19451485515488E-01    -3.76369391128461E-03     2.34671377302021E-01
         4.94764073800076     2.26589563645396E-01     2.72780375922466E-02    -1.50579979801355E-01     2.56364834960709E-01     2.31266729144952E-01     4.25413718151932E-01     2.68625238926970E-02     1.40914246960658E-01     5.32594458574669E-01    -2.42924069747011E-01     2.27720846885867E-02    -2.86652794036783E-01
         1.99040805660879    -1.60496340247665E-01     7.65585962876221E-01    -5.75263055317973E-01     1.24450530294780E-01     4.82111723734618E-01     6.36302537841927E-01    -8.81196156601296E-02     1.90638390676338E-01     5.36322124413421E-01    -2.48726932270358E-01     5.08772238057695E-02    -4.20736598597634E-01
         0.73169262667546    -7.41758067291593E-01    -2.61363143311254E-02     2.13149177302117E-01     4.79895261898715E-01     1.06652428455023E-01     3.33036310546650E-01     1.31736803299065E-01    -9.66131883687096E-02     5.40315391150304E-01     9.13214258307566E-02     4.14334469366804E-01    -4.40102063809486E-01
         0.22710144812026     3.96439280285476E-01     3.84274296831495E-01     2.25413802651004E-01    -8.67600853199772E-02    -5.56537229010708E-01     3.60731816424057E-01     7.20091361279909E-01    -2.74330941202493E-01     3.02700516730012E-01     8.53474068242714E-01     7.51222875575373E-01     5.55193695770065E-01
         0.06758430088123     1.35622395158434E-01     4.40271397890388E-01     7.15196963868398E-01     2.46125769313789E-01    -6.24874504751262E-01     3.94492358383316E-01    -6.73053219566321E-01    -9.25989987316209E-01     5.46836953863929E-02    -3.56122179410926E-01     5.10750312014446E-01    -4.02568101484099E-01
Cu TZVP-MOLOPT-PBE0-GTH-q19 TZVP-MOLOPT-HYB-GTH-q19
 1
 2 0 3 7 4 3 3 1
        17.45175432833101    -2.15669087097157E-02     7.69396025670226E-02    -1.74479497632857E-02     2.88186909177010E-01    -1.45941307368384E-03     7.18497320200210E-03     1.64805598540997E-02    -5.93943648395218E-03    -3.67689116546723E-02     3.56869368558091E-02     2.00807092450179E-03
        11.69372987310318     4.43475360588235E-01    -2.55001164186210E-01    -1.95813698656612E-01     7.33029858304591E-01    -5.00527869684187E-02    -1.32006729215607E-01    -4.85277136379023E-02     4.14230855974437E-02     2.01968159402235E-01    -1.19451485515488E-01    -3.76369391128461E-03
         4.94764073800076     2.26589563645396E-01     2.72780375922466E-02    -1.50579979801355E-01     2.56364834960709E-01     2.31266729144952E-01     4.25413718151932E-01     2.68625238926970E-02     1.40914246960658E-01     5.32594458574669E-01    -2.42924069747011E-01     2.27720846885867E-02
         1.99040805660879    -1.60496340247665E-01     7.65585962876221E-01    -5.75263055317973E-01     1.24450530294780E-01     4.82111723734618E-01     6.36302537841927E-01    -8.81196156601296E-02     1.90638390676338E-01     5.36322124413421E-01    -2.48726932270358E-01     5.08772238057695E-02
         0.73169262667546    -7.41758067291593E-01    -2.61363143311254E-02     2.13149177302117E-01     4.79895261898715E-01     1.06652428455023E-01     3.33036310546650E-01     1.31736803299065E-01    -9.66131883687096E-02     5.40315391150304E-01     9.13214258307566E-02     4.14334469366804E-01
         0.22710144812026     3.96439280285476E-01     3.84274296831495E-01     2.25413802651004E-01    -8.67600853199772E-02    -5.56537229010708E-01     3.60731816424057E-01     7.20091361279909E-01    -2.74330941202493E-01     3.02700516730012E-01     8.53474068242714E-01     7.51222875575373E-01
         0.06758430088123     1.35622395158434E-01     4.40271397890388E-01     7.15196963868398E-01     2.46125769313789E-01    -6.24874504751262E-01     3.94492358383316E-01    -6.73053219566321E-01    -9.25989987316209E-01     5.46836953863929E-02    -3.56122179410926E-01     5.10750312014446E-01
Cu DZVP-MOLOPT-PBE0-GTH-q19 DZVP-MOLOPT-HYB-GTH-q19
 1
 2 0 3 7 3 2 2 1
        17.45175432833101    -2.15669087097157E-02     7.69396025670226E-02    -1.74479497632857E-02    -1.45941307368384E-03     7.18497320200210E-03    -5.93943648395218E-03    -3.67689116546723E-02     2.00807092450179E-03
        11.69372987310318     4.43475360588235E-01    -2.55001164186210E-01    -1.95813698656612E-01    -5.00527869684187E-02    -1.32006729215607E-01     4.14230855974437E-02     2.01968159402235E-01    -3.76369391128461E-03
         4.94764073800076     2.26589563645396E-01     2.72780375922466E-02    -1.50579979801355E-01     2.31266729144952E-01     4.25413718151932E-01     1.40914246960658E-01     5.32594458574669E-01     2.27720846885867E-02
         1.99040805660879    -1.60496340247665E-01     7.65585962876221E-01    -5.75263055317973E-01     4.82111723734618E-01     6.36302537841927E-01     1.90638390676338E-01     5.36322124413421E-01     5.08772238057695E-02
         0.73169262667546    -7.41758067291593E-01    -2.61363143311254E-02     2.13149177302117E-01     1.06652428455023E-01     3.33036310546650E-01    -9.66131883687096E-02     5.40315391150304E-01     4.14334469366804E-01
         0.22710144812026     3.96439280285476E-01     3.84274296831495E-01     2.25413802651004E-01    -5.56537229010708E-01     3.60731816424057E-01    -2.74330941202493E-01     3.02700516730012E-01     7.51222875575373E-01
         0.06758430088123     1.35622395158434E-01     4.40271397890388E-01     7.15196963868398E-01    -6.24874504751262E-01     3.94492358383316E-01    -9.25989987316209E-01     5.46836953863929E-02     5.10750312014446E-01
